//At the very begining
@205
C0 48 01 00 02 00 00 10 04 51 20 05 00 14 06
0D 10 20 00 14 00 00 81 81 08 04 80 00 08 10

@2B4
00 12 04 60 C1 88 08 00 50 01 A0 82 FF F5 FF 3E
7A BB 6F 63


//After writing 0 (starting at 0x0205, 30 bytes)
@205
00 00 00 00 00 00 00 00 00 00 00 00 00 00 00
00 00 00 00 00 00 00 00 00 00 00 00 00 00 00

@2B4
00 12 15 72 41 CC 08 20 50 A2 A0 8A FF F5 FE 3E
FA BA 6F 63


//After writing 1 (starting at 0x02B4, 20 bytes)
@205
00 00 00 00 00 00 00 00 00 00 00 00 00 00 00
00 00 00 00 00 00 00 00 00 00 00 00 00 00 00


@2B4
11 11 11 11 11 11 11 11 11 11 11 11 11 11 11 11
11 11 11 11